{
  "advancedEditorSelectedIdentifier" : "ProjectBrowser",
  "openSceneRelativePaths" : [
    "Immersive.usda"
  ],
  "recentIdentifiers" : {
    "AF09ED6F-1707-48FD-8720-65B998362C09" : [

    ]
  },
  "sceneCameraHistory" : {
    "AF09ED6F-1707-48FD-8720-65B998362C09" : [
      {
        "date" : 781226276.073582,
        "title" : "Untitled",
        "transform" : [
          0.992764,
          -3.9905026e-09,
          -0.12008195,
          0,
          -0.042729586,
          0.9345481,
          -0.35326207,
          0,
          0.112222366,
          0.35583693,
          0.92778563,
          0,
          0.13805804,
          1.7166063,
          0.68099797,
          1
        ]
      },
      {
        "date" : 781225790.817402,
        "title" : "Untitled",
        "transform" : [
          0.992764,
          -3.9905026e-09,
          -0.12008195,
          0,
          -0.042729586,
          0.9345481,
          -0.35326207,
          0,
          0.112222366,
          0.35583693,
          0.92778563,
          0,
          0.0169526,
          0.04286953,
          0.14345524,
          1
        ]
      },
      {
        "date" : 781225749.017332,
        "title" : "Untitled",
        "transform" : [
          0.992764,
          -3.9905026e-09,
          -0.12008195,
          0,
          -0.042729586,
          0.9345481,
          -0.35326207,
          0,
          0.112222366,
          0.35583693,
          0.92778563,
          0,
          0.016952602,
          0.042869527,
          0.14345524,
          1
        ]
      },
      {
        "date" : 781225701.778141,
        "title" : "Untitled",
        "transform" : [
          0.992764,
          -4.644427e-10,
          -0.12008195,
          0,
          -0.042729583,
          0.9345481,
          -0.353262,
          0,
          0.112222366,
          0.35583687,
          0.92778563,
          0,
          0.021759965,
          1.6087798,
          0.46291614,
          1
        ]
      },
      {
        "date" : 781225685.279658,
        "title" : "Untitled",
        "transform" : [
          0.992764,
          -5.640579e-10,
          -0.12008195,
          0,
          -0.04272958,
          0.9345481,
          -0.35326198,
          0,
          0.112222366,
          0.35583684,
          0.92778563,
          0,
          0.018942233,
          0.19862969,
          0.24542311,
          1
        ]
      },
      {
        "date" : 781225680.72125,
        "title" : "Untitled",
        "transform" : [
          0.992764,
          -5.640579e-10,
          -0.12008195,
          0,
          -0.04272958,
          0.9345481,
          -0.35326198,
          0,
          0.112222366,
          0.35583684,
          0.92778563,
          0,
          0.033905208,
          0.08573902,
          0.2869106,
          1
        ]
      },
      {
        "date" : 781225662.500104,
        "title" : "Untitled",
        "transform" : [
          0.992764,
          1.5698554e-13,
          -0.120081946,
          0,
          -0.04272957,
          0.9345481,
          -0.35326195,
          0,
          0.11222235,
          0.35583675,
          0.92778575,
          0,
          -0.3919786,
          1.7694418,
          -0.50761485,
          1
        ]
      },
      {
        "date" : 781225651.349557,
        "title" : "Untitled",
        "transform" : [
          1,
          0,
          0,
          0,
          0,
          0.7071069,
          -0.7071067,
          0,
          0,
          0.7071067,
          0.7071069,
          0,
          -0.5034479,
          1.6891361,
          -1.268602,
          1
        ]
      },
      {
        "date" : 781225650.066451,
        "title" : "Untitled",
        "transform" : [
          1,
          0,
          -0,
          0,
          -0,
          0.7071069,
          -0.7071067,
          0,
          0,
          0.7071067,
          0.7071069,
          0,
          -0.49999982,
          1.7102671,
          -1.2897329,
          1
        ]
      }
    ]
  },
  "sceneViewportBackgroundColors" : {

  }
}